MEME version 4.9.0

ALPHABET= ACGU

strands: + -

Background letter frequencies (from uniform background):
A 0.25000 C 0.25000 G 0.25000 U 0.25000

MOTIF M0 O0
letter-probability matrix: alength= 4 w= 14 nsites= 154 E= 1337.0e-6
0.104167 0.451389 0.090278 0.354167
0.171233 0.184932 0.054795 0.589041
0.366667 0.126667 0.313333 0.193333
0.248366 0.124183 0.359477 0.267974
0.385621 0.235294 0.339869 0.039216
0.474026 0.318182 0.071429 0.136364
0.422078 0.142857 0.058442 0.376623
0.129870 0.058442 0.577922 0.233766
0.149351 0.019481 0.142857 0.688312
0.071895 0.562092 0.333333 0.032680
0.092105 0.789474 0.032895 0.085526
0.052980 0.476821 0.052980 0.417219
0.139073 0.205298 0.503311 0.152318
0.139073 0.298013 0.350993 0.211921

MOTIF M1 O1
letter-probability matrix: alength= 4 w= 14 nsites= 783 E= 1337.0e-6
0.195538 0.263780 0.032808 0.507874
0.223377 0.442857 0.001299 0.332468
0.323834 0.152850 0.015544 0.507772
0.223938 0.486486 0.012870 0.276705
0.188220 0.207426 0.003841 0.600512
0.109834 0.068966 0.241379 0.579821
0.409207 0.067775 0.268542 0.254476
0.162404 0.401535 0.049872 0.386189
0.316261 0.139565 0.394366 0.149808
0.300000 0.205128 0.414103 0.080769
0.042416 0.218509 0.264781 0.474293
0.339355 0.036129 0.544516 0.080000
0.255484 0.396129 0.175484 0.172903
0.258065 0.313548 0.141935 0.286452

MOTIF M2 O2
letter-probability matrix: alength= 4 w= 14 nsites= 698 E= 1337.0e-6
0.192754 0.049275 0.343478 0.414493
0.122655 0.256854 0.109668 0.510823
0.132565 0.412104 0.118156 0.337176
0.181034 0.413793 0.028736 0.376437
0.175036 0.327116 0.050215 0.447633
0.256447 0.189112 0.097421 0.457020
0.388252 0.156160 0.220630 0.234957
0.131805 0.193410 0.130372 0.544413
0.163324 0.594556 0.038682 0.203438
0.079137 0.233094 0.002878 0.684892
0.171965 0.053468 0.073699 0.700867
0.084180 0.269956 0.074020 0.571843
0.223512 0.267054 0.190131 0.319303
0.208999 0.120464 0.213353 0.457184

MOTIF M3 O3
letter-probability matrix: alength= 4 w= 14 nsites= 262 E= 1337.0e-6
0.094862 0.478261 0.173913 0.252964
0.113725 0.345098 0.184314 0.356863
0.128906 0.367188 0.343750 0.160156
0.250965 0.038610 0.177606 0.532819
0.042308 0.561538 0.338462 0.057692
0.480916 0.141221 0.068702 0.309160
0.022901 0.900763 0.061069 0.015267
0.103053 0.603053 0.015267 0.278626
0.084291 0.551724 0.084291 0.279693
0.214559 0.478927 0.114943 0.191571
0.233716 0.149425 0.340996 0.275862
0.140625 0.367188 0.472656 0.019531
0.105469 0.464844 0.101562 0.328125
0.171875 0.304688 0.257812 0.265625

MOTIF M4 O4
letter-probability matrix: alength= 4 w= 14 nsites= 629 E= 1337.0e-6
0.139647 0.540931 0.033708 0.285714
0.182109 0.159744 0.100639 0.557508
0.573482 0.025559 0.249201 0.151757
0.161342 0.071885 0.134185 0.632588
0.124204 0.100318 0.689490 0.085987
0.047695 0.465819 0.468998 0.017488
0.151274 0.519108 0.175159 0.154459
0.358400 0.174400 0.337600 0.129600
0.164251 0.376812 0.326892 0.132045
0.405844 0.154221 0.113636 0.326299
0.395082 0.063934 0.052459 0.488525
0.541391 0.145695 0.024834 0.288079
0.354305 0.288079 0.137417 0.220199
0.304636 0.215232 0.170530 0.309603

MOTIF M5 O5
letter-probability matrix: alength= 4 w= 14 nsites= 61 E= 1337.0e-6
0.000000 0.735849 0.056604 0.207547
0.148148 0.222222 0.092593 0.537037
0.000000 0.122807 0.631579 0.245614
0.034483 0.327586 0.482759 0.155172
0.032787 0.295082 0.360656 0.311475
0.327869 0.000000 0.213115 0.459016
0.180328 0.426230 0.262295 0.131148
0.622951 0.081967 0.295082 0.000000
0.081967 0.311475 0.049180 0.557377
0.114754 0.573770 0.000000 0.311475
0.000000 0.688525 0.081967 0.229508
0.278689 0.163934 0.065574 0.491803
0.049180 0.360656 0.524590 0.065574
0.262295 0.311475 0.213115 0.213115

MOTIF M6 O6
letter-probability matrix: alength= 4 w= 14 nsites= 197 E= 1337.0e-6
0.306878 0.084656 0.084656 0.523810
0.078947 0.236842 0.173684 0.510526
0.336735 0.056122 0.086735 0.520408
0.020305 0.532995 0.131980 0.314721
0.121827 0.619289 0.187817 0.071066
0.299492 0.385787 0.137056 0.177665
0.583756 0.020305 0.040609 0.355330
0.733333 0.112821 0.117949 0.035897
0.194872 0.317949 0.025641 0.461538
0.287179 0.620513 0.020513 0.071795
0.600000 0.026316 0.015789 0.357895
0.138298 0.388298 0.164894 0.308511
0.303191 0.143617 0.260638 0.292553
0.202128 0.164894 0.265957 0.367021

MOTIF M7 O7
letter-probability matrix: alength= 4 w= 14 nsites= 448 E= 1337.0e-6
0.419134 0.091116 0.441913 0.047836
0.509050 0.312217 0.058824 0.119910
0.344595 0.418919 0.045045 0.191441
0.230942 0.159193 0.221973 0.387892
0.426009 0.192825 0.071749 0.309417
0.435268 0.060268 0.093750 0.410714
0.071429 0.406250 0.044643 0.477679
0.163677 0.139013 0.387892 0.309417
0.183857 0.385650 0.127803 0.302691
0.196388 0.399549 0.318284 0.085779
0.070295 0.303855 0.319728 0.306122
0.311213 0.176201 0.251716 0.260870
0.233410 0.334096 0.167048 0.265446
0.318078 0.210526 0.135011 0.336384

MOTIF M8 O8
letter-probability matrix: alength= 4 w= 14 nsites= 323 E= 1337.0e-6
0.068404 0.169381 0.097720 0.664495
0.077670 0.262136 0.142395 0.517799
0.162939 0.345048 0.076677 0.415335
0.221519 0.360759 0.012658 0.405063
0.058824 0.201238 0.328173 0.411765
0.117647 0.492260 0.281734 0.108359
0.281734 0.071207 0.030960 0.616099
0.368421 0.253870 0.349845 0.027864
0.092879 0.647059 0.003096 0.256966
0.684211 0.046440 0.176471 0.092879
0.229814 0.397516 0.152174 0.220497
0.282132 0.601881 0.065831 0.050157
0.109718 0.191223 0.159875 0.539185
0.200627 0.238245 0.231975 0.329154

MOTIF M9 O9
letter-probability matrix: alength= 4 w= 14 nsites= 401 E= 1337.0e-6
0.138889 0.547980 0.151515 0.161616
0.261307 0.027638 0.414573 0.296482
0.030075 0.601504 0.060150 0.308271
0.317500 0.505000 0.170000 0.007500
0.069825 0.154613 0.461347 0.314214
0.127182 0.456359 0.299252 0.117207
0.164589 0.553616 0.059850 0.221945
0.315789 0.401003 0.220551 0.062657
0.258145 0.288221 0.248120 0.205514
0.261421 0.286802 0.428934 0.022843
0.206633 0.415816 0.290816 0.086735
0.281654 0.157623 0.524548 0.036176
0.064599 0.390181 0.315245 0.229974
0.273902 0.260982 0.245478 0.219638

MOTIF M10 O10
letter-probability matrix: alength= 4 w= 14 nsites= 34 E= 1337.0e-6
0.090909 0.121212 0.242424 0.545455
0.090909 0.060606 0.363636 0.484848
0.454545 0.000000 0.000000 0.545455
0.294118 0.117647 0.029412 0.558824
0.029412 0.264706 0.382353 0.323529
0.441176 0.000000 0.352941 0.205882
0.000000 0.029412 0.176471 0.794118
0.176471 0.058824 0.441176 0.323529
0.294118 0.000000 0.000000 0.705882
0.235294 0.058824 0.676471 0.029412
0.088235 0.000000 0.000000 0.911765
0.264706 0.323529 0.323529 0.088235
0.294118 0.147059 0.058824 0.500000
0.470588 0.205882 0.117647 0.205882

MOTIF M11 O11
letter-probability matrix: alength= 4 w= 14 nsites= 328 E= 1337.0e-6
0.443077 0.095385 0.150769 0.310769
0.355828 0.242331 0.000000 0.401840
0.325153 0.561350 0.015337 0.098160
0.673780 0.112805 0.042683 0.170732
0.597561 0.030488 0.091463 0.280488
0.539634 0.054878 0.033537 0.371951
0.177914 0.352761 0.365031 0.104294
0.495385 0.156923 0.126154 0.221538
0.240000 0.249231 0.027692 0.483077
0.417957 0.130031 0.160991 0.291022
0.206250 0.321875 0.006250 0.465625
0.498433 0.178683 0.278997 0.043887
0.473354 0.172414 0.166144 0.188088
0.398119 0.147335 0.166144 0.288401

MOTIF M12 O12
letter-probability matrix: alength= 4 w= 14 nsites= 533 E= 1337.0e-6
0.555992 0.080550 0.241650 0.121807
0.360308 0.310212 0.084778 0.244701
0.127135 0.018975 0.189753 0.664137
0.671078 0.045369 0.147448 0.136106
0.227017 0.003752 0.701689 0.067542
0.433396 0.176360 0.153846 0.236398
0.583490 0.048780 0.024390 0.343340
0.337100 0.120527 0.167608 0.374765
0.439163 0.007605 0.507605 0.045627
0.398058 0.108738 0.271845 0.221359
0.334661 0.029880 0.320717 0.314741
0.365112 0.064909 0.273834 0.296146
0.363083 0.107505 0.265720 0.263692
0.336714 0.152130 0.221095 0.290061

MOTIF M13 O13
letter-probability matrix: alength= 4 w= 14 nsites= 248 E= 1337.0e-6
0.125000 0.163793 0.426724 0.284483
0.135593 0.211864 0.322034 0.330508
0.150000 0.125000 0.275000 0.450000
0.144628 0.471074 0.322314 0.061983
0.609053 0.164609 0.115226 0.111111
0.217742 0.044355 0.185484 0.552419
0.024194 0.080645 0.536290 0.358871
0.145161 0.673387 0.137097 0.044355
0.838057 0.032389 0.024291 0.105263
0.036735 0.032653 0.657143 0.273469
0.620408 0.028571 0.155102 0.195918
0.152893 0.698347 0.119835 0.028926
0.309917 0.223140 0.185950 0.280992
0.276860 0.260331 0.169421 0.293388

MOTIF M14 O14
letter-probability matrix: alength= 4 w= 14 nsites= 498 E= 1337.0e-6
0.462810 0.126033 0.095041 0.316116
0.373469 0.187755 0.242857 0.195918
0.276768 0.098990 0.210101 0.414141
0.304435 0.018145 0.465726 0.211694
0.158954 0.014085 0.738431 0.088531
0.114458 0.188755 0.632530 0.064257
0.162651 0.200803 0.477912 0.158635
0.395582 0.194779 0.283133 0.126506
0.264646 0.034343 0.200000 0.501010
0.268839 0.148676 0.464358 0.118126
0.315574 0.348361 0.143443 0.192623
0.265979 0.193814 0.350515 0.189691
0.369072 0.307216 0.146392 0.177320
0.309278 0.265979 0.189691 0.235052

MOTIF M15 O15
letter-probability matrix: alength= 4 w= 14 nsites= 169 E= 1337.0e-6
0.273810 0.113095 0.339286 0.273810
0.071006 0.414201 0.236686 0.278107
0.035503 0.491124 0.284024 0.189349
0.100592 0.461538 0.402367 0.035503
0.644970 0.153846 0.201183 0.000000
0.153846 0.011834 0.715976 0.118343
0.378698 0.360947 0.201183 0.059172
0.089286 0.267857 0.136905 0.505952
0.162651 0.240964 0.120482 0.475904
0.024845 0.173913 0.118012 0.683230
0.069620 0.683544 0.126582 0.120253
0.140127 0.127389 0.382166 0.350318
0.343949 0.114650 0.273885 0.267516
0.191083 0.216561 0.324841 0.267516

MOTIF M16 O16
letter-probability matrix: alength= 4 w= 14 nsites= 10 E= 1337.0e-6
0.000000 0.000000 0.333333 0.666667
0.777778 0.111111 0.111111 0.000000
0.400000 0.000000 0.000000 0.600000
0.700000 0.000000 0.000000 0.300000
0.800000 0.000000 0.000000 0.200000
0.300000 0.100000 0.400000 0.200000
1.000000 0.000000 0.000000 0.000000
0.500000 0.100000 0.000000 0.400000
0.300000 0.500000 0.000000 0.200000
0.100000 0.200000 0.100000 0.600000
0.100000 0.100000 0.000000 0.800000
0.000000 0.777778 0.222222 0.000000
0.111111 0.000000 0.000000 0.888889
0.000000 0.111111 0.222222 0.666667

MOTIF M17 O17
letter-probability matrix: alength= 4 w= 14 nsites= 190 E= 1337.0e-6
0.116402 0.100529 0.301587 0.481481
0.115789 0.126316 0.736842 0.021053
0.131579 0.715789 0.052632 0.100000
0.578947 0.152632 0.157895 0.110526
0.015789 0.168421 0.747368 0.068421
0.136842 0.073684 0.315789 0.473684
0.310526 0.152632 0.457895 0.078947
0.010526 0.289474 0.605263 0.094737
0.208556 0.475936 0.181818 0.133690
0.064516 0.139785 0.413978 0.381720
0.010929 0.295082 0.524590 0.169399
0.088889 0.283333 0.350000 0.277778
0.272222 0.072222 0.416667 0.238889
0.233333 0.222222 0.338889 0.205556

MOTIF M18 O18
letter-probability matrix: alength= 4 w= 14 nsites= 184 E= 1337.0e-6
0.106145 0.273743 0.134078 0.486034
0.346154 0.137363 0.175824 0.340659
0.137363 0.148352 0.582418 0.131868
0.152174 0.483696 0.173913 0.190217
0.576087 0.016304 0.222826 0.184783
0.510870 0.081522 0.179348 0.228261
0.130435 0.728261 0.130435 0.010870
0.180328 0.142077 0.054645 0.622951
0.263736 0.049451 0.098901 0.587912
0.554945 0.054945 0.357143 0.032967
0.132597 0.502762 0.232044 0.132597
0.424581 0.223464 0.229050 0.122905
0.139665 0.111732 0.290503 0.458101
0.301676 0.139665 0.268156 0.290503

MOTIF M19 O19
letter-probability matrix: alength= 4 w= 14 nsites= 573 E= 1337.0e-6
0.669039 0.131673 0.076512 0.122776
0.537102 0.086572 0.012367 0.363958
0.433333 0.196491 0.031579 0.338596
0.661996 0.010508 0.021016 0.306480
0.457243 0.083770 0.005236 0.453752
0.460733 0.197208 0.040140 0.301920
0.223386 0.376963 0.146597 0.253054
0.028070 0.207018 0.161404 0.603509
0.033688 0.406028 0.304965 0.255319
0.322638 0.267380 0.331551 0.078431
0.342294 0.216846 0.342294 0.098566
0.132855 0.220826 0.524237 0.122083
0.445242 0.084381 0.310592 0.159785
0.326750 0.202873 0.149013 0.321364

MOTIF M20 O20
letter-probability matrix: alength= 4 w= 14 nsites= 859 E= 1337.0e-6
0.352381 0.219048 0.116667 0.311905
0.134434 0.358491 0.206368 0.300708
0.274326 0.248535 0.002345 0.474795
0.023447 0.398593 0.000000 0.577960
0.579254 0.061772 0.143357 0.215618
0.129220 0.263097 0.211874 0.395809
0.064028 0.341094 0.149010 0.445867
0.088475 0.337602 0.402794 0.171129
0.145688 0.184149 0.416084 0.254079
0.074679 0.339557 0.414236 0.171529
0.296383 0.288215 0.249708 0.165694
0.515222 0.209602 0.096019 0.179157
0.293911 0.258782 0.112412 0.334895
0.282201 0.216628 0.233021 0.268150

MOTIF M21 O21
letter-probability matrix: alength= 4 w= 14 nsites= 232 E= 1337.0e-6
0.219512 0.273171 0.380488 0.126829
0.225962 0.379808 0.264423 0.129808
0.127962 0.345972 0.146919 0.379147
0.139640 0.085586 0.355856 0.418919
0.070485 0.211454 0.475771 0.242291
0.159483 0.262931 0.551724 0.025862
0.543103 0.090517 0.284483 0.081897
0.008621 0.142241 0.681034 0.168103
0.698276 0.094828 0.116379 0.090517
0.090909 0.225108 0.645022 0.038961
0.104803 0.310044 0.432314 0.152838
0.140351 0.201754 0.649123 0.008772
0.114035 0.377193 0.298246 0.210526
0.201754 0.333333 0.214912 0.250000

MOTIF M22 O22
letter-probability matrix: alength= 4 w= 14 nsites= 16 E= 1337.0e-6
0.066667 0.133333 0.200000 0.600000
0.500000 0.062500 0.375000 0.062500
0.000000 0.000000 0.750000 0.250000
0.000000 0.250000 0.750000 0.000000
0.500000 0.000000 0.000000 0.500000
0.000000 0.000000 1.000000 0.000000
0.437500 0.000000 0.000000 0.562500
0.000000 0.312500 0.687500 0.000000
0.250000 0.250000 0.000000 0.500000
0.400000 0.266667 0.266667 0.066667
0.400000 0.133333 0.466667 0.000000
0.133333 0.066667 0.533333 0.266667
0.266667 0.066667 0.400000 0.266667
0.266667 0.333333 0.133333 0.266667

MOTIF M23 O23
letter-probability matrix: alength= 4 w= 14 nsites= 115 E= 1337.0e-6
0.252252 0.090090 0.441441 0.216216
0.053571 0.178571 0.276786 0.491071
0.061947 0.513274 0.309735 0.115044
0.365217 0.304348 0.104348 0.226087
0.321739 0.147826 0.321739 0.208696
0.417391 0.095652 0.139130 0.347826
0.052174 0.139130 0.695652 0.113043
0.391304 0.304348 0.104348 0.200000
0.298246 0.175439 0.131579 0.394737
0.141593 0.070796 0.734513 0.053097
0.072072 0.333333 0.558559 0.036036
0.349057 0.084906 0.188679 0.377358
0.103774 0.132075 0.556604 0.207547
0.226415 0.254717 0.292453 0.226415

MOTIF M24 O24
letter-probability matrix: alength= 4 w= 14 nsites= 761 E= 1337.0e-6
0.200535 0.606952 0.041444 0.151070
0.211361 0.093791 0.033025 0.661823
0.404480 0.411067 0.048748 0.135705
0.164474 0.198684 0.051316 0.585526
0.148684 0.122368 0.139474 0.589474
0.070959 0.416557 0.269382 0.243101
0.312746 0.417871 0.072273 0.197109
0.674572 0.057971 0.250329 0.017128
0.416667 0.109788 0.419312 0.054233
0.183755 0.157124 0.577896 0.081225
0.439252 0.080107 0.122830 0.357810
0.456989 0.141129 0.049731 0.352151
0.310484 0.297043 0.208333 0.184140
0.346774 0.192204 0.182796 0.278226

MOTIF M25 O25
letter-probability matrix: alength= 4 w= 14 nsites= 129 E= 1337.0e-6
0.321739 0.347826 0.104348 0.226087
0.250000 0.172414 0.336207 0.241379
0.228814 0.474576 0.245763 0.050847
0.371901 0.198347 0.082645 0.347107
0.269841 0.047619 0.547619 0.134921
0.418605 0.031008 0.302326 0.248062
0.054264 0.007752 0.937984 0.000000
0.031008 0.472868 0.488372 0.007752
0.023256 0.643411 0.038760 0.294574
0.015748 0.236220 0.086614 0.661417
0.346457 0.259843 0.362205 0.031496
0.244094 0.000000 0.606299 0.149606
0.118110 0.070866 0.582677 0.228346
0.314961 0.181102 0.291339 0.212598

MOTIF M26 O26
letter-probability matrix: alength= 4 w= 14 nsites= 137 E= 1337.0e-6
0.036496 0.766423 0.080292 0.116788
0.291971 0.248175 0.029197 0.430657
0.167883 0.569343 0.080292 0.182482
0.160584 0.642336 0.007299 0.189781
0.277372 0.379562 0.000000 0.343066
0.240876 0.291971 0.080292 0.386861
0.343066 0.160584 0.386861 0.109489
0.411765 0.095588 0.044118 0.448529
0.558824 0.014706 0.117647 0.308824
0.074074 0.288889 0.577778 0.059259
0.380597 0.492537 0.089552 0.037313
0.313433 0.089552 0.156716 0.440299
0.119403 0.313433 0.470149 0.097015
0.313433 0.305970 0.171642 0.208955

MOTIF M27 O27
letter-probability matrix: alength= 4 w= 14 nsites= 163 E= 1337.0e-6
0.395833 0.333333 0.055556 0.215278
0.213793 0.662069 0.055172 0.068966
0.510067 0.114094 0.040268 0.335570
0.044872 0.551282 0.057692 0.346154
0.335404 0.335404 0.043478 0.285714
0.269939 0.141104 0.319018 0.269939
0.411043 0.226994 0.184049 0.177914
0.184049 0.460123 0.073620 0.282209
0.521472 0.171779 0.000000 0.306748
0.668712 0.067485 0.000000 0.263804
0.730061 0.030675 0.000000 0.239264
0.388889 0.481481 0.006173 0.123457
0.512346 0.259259 0.024691 0.203704
0.444444 0.209877 0.055556 0.290123

MOTIF M28 O28
letter-probability matrix: alength= 4 w= 14 nsites= 286 E= 1337.0e-6
0.111511 0.035971 0.532374 0.320144
0.100358 0.129032 0.164875 0.605735
0.195035 0.319149 0.322695 0.163121
0.105263 0.059649 0.347368 0.487719
0.192308 0.178322 0.066434 0.562937
0.192308 0.258741 0.297203 0.251748
0.122378 0.052448 0.332168 0.493007
0.125874 0.038462 0.688811 0.146853
0.122807 0.291228 0.277193 0.308772
0.091549 0.151408 0.411972 0.345070
0.169014 0.172535 0.112676 0.545775
0.078292 0.523132 0.106762 0.291815
0.402135 0.274021 0.142349 0.181495
0.270463 0.145907 0.153025 0.430605

MOTIF M29 O29
letter-probability matrix: alength= 4 w= 14 nsites= 100 E= 1337.0e-6
0.060606 0.424242 0.202020 0.313131
0.070707 0.373737 0.151515 0.404040
0.030303 0.282828 0.141414 0.545455
0.120000 0.270000 0.450000 0.160000
0.080000 0.200000 0.640000 0.080000
0.100000 0.110000 0.320000 0.470000
0.220000 0.190000 0.260000 0.330000
0.191919 0.040404 0.666667 0.101010
0.060606 0.646465 0.020202 0.272727
0.060606 0.474747 0.000000 0.464646
0.226804 0.360825 0.082474 0.329897
0.268041 0.154639 0.237113 0.340206
0.371134 0.206186 0.206186 0.216495
0.144330 0.206186 0.278351 0.371134

MOTIF M30 O30
letter-probability matrix: alength= 4 w= 14 nsites= 189 E= 1337.0e-6
0.132979 0.037234 0.345745 0.484043
0.031746 0.301587 0.470899 0.195767
0.047619 0.603175 0.105820 0.243386
0.179894 0.492063 0.042328 0.285714
0.190476 0.074074 0.164021 0.571429
0.031746 0.132275 0.703704 0.132275
0.433862 0.275132 0.185185 0.105820
0.370370 0.195767 0.333333 0.100529
0.031746 0.068783 0.714286 0.185185
0.042553 0.771277 0.111702 0.074468
0.031915 0.372340 0.042553 0.553191
0.080645 0.526882 0.155914 0.236559
0.322581 0.193548 0.252688 0.231183
0.155914 0.290323 0.268817 0.284946

MOTIF M31 O31
letter-probability matrix: alength= 4 w= 14 nsites= 357 E= 1337.0e-6
0.263930 0.357771 0.173021 0.205279
0.208211 0.190616 0.214076 0.387097
0.123563 0.083333 0.732759 0.060345
0.156695 0.290598 0.464387 0.088319
0.616901 0.205634 0.076056 0.101408
0.907563 0.064426 0.028011 0.000000
0.439776 0.014006 0.025210 0.521008
0.342697 0.272472 0.230337 0.154494
0.273239 0.132394 0.253521 0.340845
0.189266 0.161017 0.039548 0.610169
0.076487 0.079320 0.118980 0.725212
0.017192 0.186246 0.656160 0.140401
0.226361 0.169054 0.315186 0.289398
0.277937 0.163324 0.329513 0.229226

MOTIF M32 O32
letter-probability matrix: alength= 4 w= 14 nsites= 369 E= 1337.0e-6
0.187151 0.206704 0.446927 0.159218
0.264463 0.077135 0.410468 0.247934
0.098630 0.254795 0.547945 0.098630
0.196185 0.250681 0.395095 0.158038
0.301630 0.119565 0.380435 0.198370
0.289973 0.411924 0.173442 0.124661
0.157182 0.284553 0.498645 0.059621
0.075881 0.390244 0.398374 0.135501
0.013550 0.441734 0.365854 0.178862
0.130435 0.133152 0.706522 0.029891
0.192935 0.557065 0.108696 0.141304
0.245902 0.303279 0.336066 0.114754
0.114754 0.281421 0.439891 0.163934
0.136612 0.292350 0.273224 0.297814

MOTIF M33 O33
letter-probability matrix: alength= 4 w= 14 nsites= 191 E= 1337.0e-6
0.405405 0.167568 0.200000 0.227027
0.414894 0.271277 0.281915 0.031915
0.368421 0.226316 0.221053 0.184211
0.063158 0.363158 0.205263 0.368421
0.068063 0.151832 0.502618 0.277487
0.125654 0.282723 0.261780 0.329843
0.157068 0.507853 0.335079 0.000000
0.020942 0.151832 0.471204 0.356021
0.109948 0.109948 0.345550 0.434555
0.251309 0.607330 0.141361 0.000000
0.062827 0.408377 0.424084 0.104712
0.414894 0.117021 0.404255 0.063830
0.122340 0.212766 0.478723 0.186170
0.260638 0.271277 0.297872 0.170213

MOTIF M34 O34
letter-probability matrix: alength= 4 w= 14 nsites= 346 E= 1337.0e-6
0.472464 0.063768 0.040580 0.423188
0.281159 0.066667 0.365217 0.286957
0.369942 0.132948 0.395954 0.101156
0.537572 0.141618 0.008671 0.312139
0.118497 0.023121 0.236994 0.621387
0.286127 0.008671 0.537572 0.167630
0.034884 0.302326 0.040698 0.622093
0.441520 0.125731 0.271930 0.160819
0.335294 0.114706 0.070588 0.479412
0.133136 0.183432 0.091716 0.591716
0.421365 0.041543 0.139466 0.397626
0.199396 0.241692 0.054381 0.504532
0.280967 0.129909 0.199396 0.389728
0.296073 0.202417 0.220544 0.280967

MOTIF M35 O35
letter-probability matrix: alength= 4 w= 14 nsites= 672 E= 1337.0e-6
0.700000 0.133846 0.024615 0.141538
0.776256 0.033486 0.024353 0.165906
0.229261 0.259427 0.428356 0.082956
0.466368 0.198804 0.258595 0.076233
0.596726 0.081845 0.168155 0.153274
0.476190 0.032738 0.188988 0.302083
0.252976 0.205357 0.288690 0.252976
0.199405 0.020833 0.500000 0.279762
0.348214 0.113095 0.263393 0.275298
0.254464 0.117560 0.205357 0.422619
0.302985 0.474627 0.023881 0.198507
0.898204 0.035928 0.034431 0.031437
0.122754 0.323353 0.068862 0.485030
0.365269 0.158683 0.211078 0.264970

MOTIF M36 O36
letter-probability matrix: alength= 4 w= 14 nsites= 266 E= 1337.0e-6
0.204633 0.366795 0.146718 0.281853
0.305019 0.150579 0.339768 0.204633
0.007634 0.805344 0.148855 0.038168
0.007576 0.617424 0.098485 0.276515
0.210526 0.157895 0.150376 0.481203
0.274436 0.015038 0.627820 0.082707
0.171103 0.365019 0.376426 0.087452
0.099237 0.748092 0.103053 0.049618
0.057252 0.255725 0.007634 0.679389
0.057692 0.538462 0.142308 0.261538
0.319231 0.265385 0.215385 0.200000
0.100386 0.270270 0.559846 0.069498
0.123552 0.316602 0.243243 0.316602
0.204633 0.227799 0.316602 0.250965

MOTIF M37 O37
letter-probability matrix: alength= 4 w= 14 nsites= 142 E= 1337.0e-6
0.404255 0.446809 0.113475 0.035461
0.092199 0.283688 0.368794 0.255319
0.260563 0.190141 0.063380 0.485915
0.492958 0.126761 0.302817 0.077465
0.309859 0.063380 0.316901 0.309859
0.119718 0.169014 0.683099 0.028169
0.232394 0.133803 0.323944 0.309859
0.478873 0.154930 0.028169 0.338028
0.457746 0.147887 0.140845 0.253521
0.661972 0.056338 0.007042 0.274648
0.165468 0.057554 0.719424 0.057554
0.437956 0.102190 0.328467 0.131387
0.445255 0.197080 0.167883 0.189781
0.401460 0.167883 0.145985 0.284672

MOTIF M38 O38
letter-probability matrix: alength= 4 w= 14 nsites= 410 E= 1337.0e-6
0.041769 0.442260 0.056511 0.459459
0.415233 0.157248 0.240786 0.186732
0.351220 0.524390 0.065854 0.058537
0.175610 0.453659 0.097561 0.273171
0.039024 0.243902 0.251220 0.465854
0.087805 0.104878 0.534146 0.273171
0.459658 0.312958 0.112469 0.114914
0.243243 0.538084 0.019656 0.199017
0.610837 0.125616 0.135468 0.128079
0.174129 0.383085 0.305970 0.136816
0.719298 0.117794 0.095238 0.067669
0.058524 0.241730 0.427481 0.272265
0.267176 0.104326 0.211196 0.417303
0.264631 0.162850 0.328244 0.244275

MOTIF M39 O39
letter-probability matrix: alength= 4 w= 14 nsites= 305 E= 1337.0e-6
0.654110 0.123288 0.054795 0.167808
0.157718 0.446309 0.231544 0.164430
0.306667 0.013333 0.110000 0.570000
0.161716 0.561056 0.085809 0.191419
0.177049 0.036066 0.144262 0.642623
0.016393 0.059016 0.367213 0.557377
0.009836 0.131148 0.029508 0.829508
0.405941 0.181518 0.112211 0.300330
0.073090 0.212625 0.202658 0.511628
0.145270 0.179054 0.577703 0.097973
0.020619 0.470790 0.274914 0.233677
0.285714 0.296167 0.177700 0.240418
0.226481 0.306620 0.121951 0.344948
0.216028 0.289199 0.135889 0.358885

MOTIF M40 O40
letter-probability matrix: alength= 4 w= 14 nsites= 802 E= 1337.0e-6
0.110256 0.444872 0.297436 0.147436
0.284987 0.123410 0.315522 0.276081
0.060683 0.412137 0.415929 0.111252
0.152201 0.110692 0.142138 0.594969
0.092500 0.090000 0.730000 0.087500
0.295511 0.003741 0.495012 0.205736
0.172070 0.098504 0.386534 0.342893
0.299625 0.119850 0.273408 0.307116
0.042500 0.258750 0.558750 0.140000
0.467844 0.319042 0.066835 0.146280
0.163498 0.566540 0.111534 0.158428
0.396684 0.103316 0.253827 0.246173
0.187500 0.383929 0.322704 0.105867
0.267857 0.248724 0.235969 0.247449

MOTIF M41 O41
letter-probability matrix: alength= 4 w= 14 nsites= 352 E= 1337.0e-6
0.212644 0.129310 0.209770 0.448276
0.209169 0.191977 0.312321 0.286533
0.145299 0.495726 0.076923 0.282051
0.411932 0.329545 0.031250 0.227273
0.022727 0.153409 0.264205 0.559659
0.039773 0.565341 0.335227 0.059659
0.011364 0.110795 0.122159 0.755682
0.241477 0.437500 0.025568 0.295455
0.531429 0.285714 0.005714 0.177143
0.372493 0.249284 0.140401 0.237822
0.530086 0.014327 0.424069 0.031519
0.295129 0.045845 0.598854 0.060172
0.343840 0.128940 0.366762 0.160458
0.346705 0.154728 0.180516 0.318052

MOTIF M42 O42
letter-probability matrix: alength= 4 w= 14 nsites= 234 E= 1337.0e-6
0.121739 0.756522 0.065217 0.056522
0.883621 0.047414 0.012931 0.056034
0.025751 0.047210 0.811159 0.115880
0.712446 0.128755 0.012876 0.145923
0.163090 0.141631 0.141631 0.553648
0.158120 0.166667 0.542735 0.132479
0.653680 0.164502 0.021645 0.160173
0.074236 0.161572 0.200873 0.563319
0.123348 0.462555 0.281938 0.132159
0.269406 0.410959 0.123288 0.196347
0.497674 0.241860 0.167442 0.093023
0.215962 0.450704 0.093897 0.239437
0.286385 0.136150 0.262911 0.314554
0.267606 0.272300 0.220657 0.239437

MOTIF M43 O43
letter-probability matrix: alength= 4 w= 14 nsites= 1111 E= 1337.0e-6
0.106520 0.266299 0.060606 0.566575
0.177920 0.210766 0.217153 0.394161
0.253406 0.043597 0.138056 0.564941
0.475588 0.156420 0.141953 0.226040
0.045005 0.290729 0.216922 0.447345
0.751575 0.061206 0.172817 0.014401
0.123535 0.663661 0.050496 0.162308
0.089010 0.225250 0.148047 0.537693
0.158904 0.088584 0.446575 0.305936
0.050320 0.251601 0.162855 0.535224
0.296125 0.190037 0.206642 0.307196
0.581481 0.187037 0.089815 0.141667
0.413889 0.278704 0.075926 0.231481
0.287037 0.263889 0.157407 0.291667

MOTIF M44 O44
letter-probability matrix: alength= 4 w= 14 nsites= 107 E= 1337.0e-6
0.177570 0.271028 0.280374 0.271028
0.373832 0.018692 0.084112 0.523364
0.084112 0.308411 0.056075 0.551402
0.261682 0.046729 0.233645 0.457944
0.214953 0.000000 0.691589 0.093458
0.149533 0.607477 0.102804 0.140187
0.214953 0.700935 0.037383 0.046729
0.429907 0.336449 0.102804 0.130841
0.000000 0.679245 0.066038 0.254717
0.632075 0.028302 0.245283 0.094340
0.451923 0.009615 0.192308 0.346154
0.125000 0.076923 0.442308 0.355769
0.336538 0.153846 0.086538 0.423077
0.278846 0.288462 0.153846 0.278846

MOTIF M45 O45
letter-probability matrix: alength= 4 w= 14 nsites= 744 E= 1337.0e-6
0.415531 0.133515 0.239782 0.211172
0.145183 0.565807 0.115332 0.173677
0.053981 0.044534 0.048583 0.852901
0.307278 0.036388 0.346361 0.309973
0.181696 0.589502 0.013459 0.215343
0.090054 0.196237 0.061828 0.651882
0.383065 0.091398 0.404570 0.120968
0.331984 0.358974 0.116059 0.192982
0.556309 0.166893 0.059701 0.217096
0.072109 0.299320 0.431293 0.197279
0.208791 0.428571 0.060440 0.302198
0.208564 0.226519 0.104972 0.459945
0.248619 0.169890 0.321823 0.259669
0.247238 0.165746 0.232044 0.354972

MOTIF M46 O46
letter-probability matrix: alength= 4 w= 14 nsites= 622 E= 1337.0e-6
0.334471 0.245734 0.163823 0.255973
0.072513 0.414840 0.138280 0.374368
0.285714 0.270764 0.217608 0.225914
0.303777 0.284072 0.068966 0.343186
0.057971 0.117552 0.220612 0.603865
0.127010 0.162379 0.075563 0.635048
0.065916 0.048232 0.516077 0.369775
0.270096 0.183280 0.254019 0.292605
0.072347 0.483923 0.294212 0.149518
0.382637 0.056270 0.000000 0.561093
0.041935 0.058065 0.241935 0.658065
0.204214 0.257699 0.134522 0.403566
0.058347 0.387358 0.291734 0.262561
0.212318 0.256078 0.184765 0.346840

MOTIF M47 O47
letter-probability matrix: alength= 4 w= 14 nsites= 1176 E= 1337.0e-6
0.407118 0.028646 0.178819 0.385417
0.244828 0.256034 0.100000 0.399138
0.298110 0.212199 0.160653 0.329038
0.484228 0.081841 0.204604 0.229327
0.051871 0.678571 0.221939 0.047619
0.108844 0.499150 0.176020 0.215986
0.119149 0.543830 0.245106 0.091915
0.153453 0.259165 0.183291 0.404092
0.140051 0.112724 0.097353 0.649872
0.443396 0.025729 0.186106 0.344768
0.198440 0.328423 0.100520 0.372617
0.212598 0.118985 0.119860 0.548556
0.277340 0.198600 0.254593 0.269466
0.218723 0.285214 0.126859 0.369204

MOTIF M48 O48
letter-probability matrix: alength= 4 w= 14 nsites= 1364 E= 1337.0e-6
0.241636 0.149442 0.172491 0.436431
0.119822 0.474112 0.077663 0.328402
0.058954 0.319086 0.070007 0.551953
0.209985 0.188693 0.116740 0.484581
0.059471 0.399413 0.022761 0.518355
0.272727 0.330645 0.162023 0.234604
0.317682 0.170946 0.195158 0.316214
0.254225 0.291697 0.127847 0.326231
0.090574 0.325479 0.082474 0.501473
0.384047 0.295421 0.107829 0.212703
0.063893 0.413076 0.007429 0.515602
0.225951 0.138702 0.221477 0.413870
0.252796 0.291573 0.082028 0.373602
0.233408 0.285608 0.196122 0.284862

MOTIF M49 O49
letter-probability matrix: alength= 4 w= 14 nsites= 633 E= 1337.0e-6
0.057971 0.239936 0.135266 0.566828
0.028526 0.683043 0.063391 0.225040
0.421801 0.195893 0.009479 0.372828
0.135861 0.434439 0.031596 0.398104
0.279621 0.342812 0.039494 0.338073
0.142180 0.164297 0.134281 0.559242
0.178060 0.092210 0.295707 0.434022
0.085851 0.111288 0.047695 0.755167
0.238400 0.472000 0.016000 0.273600
0.118971 0.152733 0.081994 0.646302
0.319218 0.257329 0.043974 0.379479
0.145425 0.272876 0.049020 0.532680
0.063725 0.207516 0.183007 0.545752
0.215686 0.178105 0.142157 0.464052

MOTIF M50 O50
letter-probability matrix: alength= 4 w= 14 nsites= 218 E= 1337.0e-6
0.600000 0.052381 0.128571 0.219048
0.403756 0.117371 0.028169 0.450704
0.074766 0.051402 0.504673 0.369159
0.237209 0.251163 0.176744 0.334884
0.366972 0.211009 0.220183 0.201835
0.220183 0.288991 0.009174 0.481651
0.013761 0.651376 0.123853 0.211009
0.055046 0.119266 0.252294 0.573394
0.435185 0.162037 0.393519 0.009259
0.325581 0.246512 0.200000 0.227907
0.184834 0.251185 0.417062 0.146919
0.555024 0.315789 0.038278 0.090909
0.492823 0.148325 0.124402 0.234450
0.287081 0.148325 0.172249 0.392344

MOTIF M51 O51
letter-probability matrix: alength= 4 w= 14 nsites= 165 E= 1337.0e-6
0.192547 0.602484 0.068323 0.136646
0.093168 0.118012 0.080745 0.708075
0.049080 0.656442 0.116564 0.177914
0.266667 0.515152 0.012121 0.206061
0.472727 0.018182 0.109091 0.400000
0.060606 0.751515 0.169697 0.018182
0.139394 0.563636 0.121212 0.175758
0.030303 0.109091 0.230303 0.630303
0.078788 0.666667 0.127273 0.127273
0.439024 0.304878 0.146341 0.109756
0.413580 0.030864 0.456790 0.098765
0.262500 0.137500 0.543750 0.056250
0.231250 0.143750 0.425000 0.200000
0.300000 0.281250 0.181250 0.237500

MOTIF M52 O52
letter-probability matrix: alength= 4 w= 14 nsites= 724 E= 1337.0e-6
0.097734 0.212465 0.433428 0.256374
0.175316 0.297335 0.345021 0.182328
0.188889 0.209722 0.243056 0.358333
0.044321 0.167590 0.574792 0.213296
0.220222 0.153740 0.257618 0.368421
0.156077 0.182320 0.379834 0.281768
0.058011 0.145028 0.665746 0.131215
0.059474 0.561549 0.182573 0.196404
0.091540 0.292649 0.219140 0.396671
0.207283 0.019608 0.473389 0.299720
0.011299 0.197740 0.596045 0.194915
0.027338 0.387050 0.223022 0.362590
0.120863 0.379856 0.309353 0.189928
0.270504 0.201439 0.176978 0.351079

MOTIF M53 O53
letter-probability matrix: alength= 4 w= 14 nsites= 464 E= 1337.0e-6
0.483370 0.177384 0.250554 0.088692
0.217105 0.116228 0.078947 0.587719
0.102174 0.432609 0.186957 0.278261
0.134199 0.145022 0.551948 0.168831
0.069114 0.483801 0.382289 0.064795
0.101293 0.362069 0.269397 0.267241
0.082609 0.336957 0.358696 0.221739
0.179039 0.137555 0.283843 0.399563
0.122271 0.318777 0.102620 0.456332
0.333333 0.216336 0.066225 0.384106
0.055188 0.037528 0.503311 0.403974
0.037528 0.019868 0.598234 0.344371
0.088300 0.119205 0.596026 0.196468
0.174393 0.242826 0.346578 0.236203

MOTIF M54 O54
letter-probability matrix: alength= 4 w= 14 nsites= 805 E= 1337.0e-6
0.357977 0.335927 0.146563 0.159533
0.441741 0.312420 0.103713 0.142125
0.532995 0.211929 0.073604 0.181472
0.238095 0.076441 0.018797 0.666667
0.441397 0.236908 0.250623 0.071072
0.759006 0.028571 0.081988 0.130435
0.468905 0.111940 0.094527 0.324627
0.570361 0.077210 0.042341 0.310087
0.506901 0.107905 0.130489 0.254705
0.719899 0.111534 0.026616 0.141952
0.656850 0.175416 0.019206 0.148528
0.543226 0.091613 0.040000 0.325161
0.411613 0.245161 0.179355 0.163871
0.325161 0.112258 0.215484 0.347097

MOTIF M55 O55
letter-probability matrix: alength= 4 w= 14 nsites= 653 E= 1337.0e-6
0.066874 0.043546 0.371695 0.517885
0.374613 0.201238 0.221362 0.202786
0.425270 0.064715 0.331279 0.178737
0.105991 0.082949 0.311828 0.499232
0.332822 0.262270 0.277607 0.127301
0.267994 0.079632 0.474732 0.177642
0.179724 0.159754 0.061444 0.599078
0.183642 0.016975 0.163580 0.635802
0.068111 0.075851 0.193498 0.662539
0.098131 0.419003 0.358255 0.124611
0.244514 0.275862 0.178683 0.300940
0.174803 0.229921 0.163780 0.431496
0.187402 0.319685 0.226772 0.266142
0.296063 0.206299 0.166929 0.330709

MOTIF M56 O56
letter-probability matrix: alength= 4 w= 14 nsites= 1002 E= 1337.0e-6
0.099593 0.466463 0.112805 0.321138
0.375879 0.315578 0.006030 0.302513
0.578579 0.310310 0.043043 0.068068
0.543000 0.032000 0.111000 0.314000
0.321357 0.438124 0.037924 0.202595
0.169661 0.247505 0.031936 0.550898
0.239760 0.117882 0.022977 0.619381
0.212982 0.437120 0.004057 0.345842
0.130256 0.242051 0.015385 0.612308
0.467425 0.267839 0.058945 0.205791
0.413292 0.323988 0.067497 0.195223
0.445378 0.205882 0.180672 0.168067
0.216387 0.245798 0.239496 0.298319
0.285714 0.238445 0.154412 0.321429

MOTIF M57 O57
letter-probability matrix: alength= 4 w= 14 nsites= 83 E= 1337.0e-6
0.086420 0.024691 0.728395 0.160494
0.180723 0.469880 0.289157 0.060241
0.072289 0.000000 0.313253 0.614458
0.048193 0.096386 0.566265 0.289157
0.012048 0.843373 0.036145 0.108434
0.012048 0.132530 0.108434 0.746988
0.024096 0.192771 0.746988 0.036145
0.012048 0.024096 0.012048 0.951807
0.121951 0.158537 0.365854 0.353659
0.172840 0.419753 0.271605 0.135802
0.456790 0.148148 0.086420 0.308642
0.262500 0.187500 0.162500 0.387500
0.437500 0.062500 0.075000 0.425000
0.337500 0.212500 0.187500 0.262500

MOTIF M58 O58
letter-probability matrix: alength= 4 w= 14 nsites= 272 E= 1337.0e-6
0.195489 0.315789 0.270677 0.218045
0.033708 0.483146 0.224719 0.258427
0.103321 0.040590 0.007380 0.848708
0.007353 0.231618 0.522059 0.238971
0.029412 0.003676 0.297794 0.669118
0.025735 0.033088 0.360294 0.580882
0.055351 0.247232 0.619926 0.077491
0.309963 0.324723 0.365314 0.000000
0.144981 0.598513 0.182156 0.074349
0.141791 0.656716 0.167910 0.033582
0.339623 0.196226 0.324528 0.139623
0.237736 0.271698 0.173585 0.316981
0.358491 0.166038 0.184906 0.290566
0.339623 0.181132 0.211321 0.267925

MOTIF M59 O59
letter-probability matrix: alength= 4 w= 14 nsites= 957 E= 1337.0e-6
0.147436 0.197650 0.041667 0.613248
0.341799 0.151323 0.351323 0.155556
0.113804 0.580611 0.089568 0.216017
0.095689 0.065195 0.019979 0.819138
0.036688 0.091195 0.824948 0.047170
0.238245 0.281087 0.283177 0.197492
0.516196 0.240334 0.063741 0.179728
0.275393 0.223037 0.415707 0.085864
0.409474 0.369474 0.063158 0.157895
0.422954 0.058448 0.104145 0.414453
0.200855 0.037393 0.582265 0.179487
0.409287 0.250540 0.073434 0.266739
0.414687 0.265659 0.111231 0.208423
0.258099 0.236501 0.210583 0.294816

MOTIF M60 O60
letter-probability matrix: alength= 4 w= 14 nsites= 201 E= 1337.0e-6
0.247475 0.176768 0.025253 0.550505
0.512563 0.246231 0.085427 0.155779
0.285000 0.010000 0.030000 0.675000
0.079602 0.029851 0.174129 0.716418
0.796020 0.099502 0.074627 0.029851
0.124378 0.059701 0.358209 0.457711
0.567164 0.154229 0.054726 0.223881
0.651741 0.099502 0.000000 0.248756
0.420000 0.355000 0.210000 0.015000
0.582915 0.055276 0.060302 0.301508
0.050761 0.030457 0.060914 0.857868
0.548718 0.158974 0.087179 0.205128
0.256410 0.297436 0.066667 0.379487
0.343590 0.205128 0.082051 0.369231

MOTIF M61 O61
letter-probability matrix: alength= 4 w= 14 nsites= 226 E= 1337.0e-6
0.312217 0.257919 0.049774 0.380090
0.137778 0.168889 0.280000 0.413333
0.522124 0.101770 0.004425 0.371681
0.137168 0.106195 0.314159 0.442478
0.513274 0.092920 0.194690 0.199115
0.504425 0.035398 0.353982 0.106195
0.141593 0.756637 0.035398 0.066372
0.324444 0.088889 0.382222 0.204444
0.008889 0.724444 0.102222 0.164444
0.177778 0.128889 0.044444 0.648889
0.036530 0.378995 0.232877 0.351598
0.148837 0.325581 0.055814 0.469767
0.195349 0.213953 0.293023 0.297674
0.339535 0.200000 0.158140 0.302326

MOTIF M62 O62
letter-probability matrix: alength= 4 w= 14 nsites= 315 E= 1337.0e-6
0.322684 0.309904 0.134185 0.233227
0.331210 0.178344 0.098726 0.391720
0.073016 0.076190 0.311111 0.539683
0.282540 0.152381 0.428571 0.136508
0.203175 0.676190 0.053968 0.066667
0.365079 0.511111 0.088889 0.034921
0.225397 0.142857 0.044444 0.587302
0.009524 0.019048 0.146032 0.825397
0.620579 0.186495 0.038585 0.154341
0.624183 0.235294 0.013072 0.127451
0.654605 0.128289 0.108553 0.108553
0.183946 0.274247 0.250836 0.290970
0.277592 0.274247 0.183946 0.264214
0.234114 0.284281 0.204013 0.277592

MOTIF M63 O63
letter-probability matrix: alength= 4 w= 14 nsites= 318 E= 1337.0e-6
0.572347 0.135048 0.099678 0.192926
0.129338 0.719243 0.088328 0.063091
0.798107 0.006309 0.009464 0.186120
0.053459 0.276730 0.578616 0.091195
0.540881 0.194969 0.223270 0.040881
0.270440 0.062893 0.138365 0.528302
0.173502 0.069401 0.596215 0.160883
0.306962 0.091772 0.329114 0.272152
0.391720 0.350318 0.089172 0.168790
0.438710 0.054839 0.196774 0.309677
0.098361 0.275410 0.344262 0.281967
0.384106 0.347682 0.155629 0.112583
0.380795 0.268212 0.139073 0.211921
0.304636 0.195364 0.321192 0.178808

